pt1_cam1_X,pt1_cam1_Y,pt1_cam2_X,pt1_cam2_Y,pt2_cam1_X,pt2_cam1_Y,pt2_cam2_X,pt2_cam2_Y,pt3_cam1_X,pt3_cam1_Y,pt3_cam2_X,pt3_cam2_Y
732.980211,225.818960,388.281455,279.496457,692.375695,146.721207,269.608618,211.517276,NaN,NaN,NaN,NaN
732.850000,226.100000,387.990000,279.050000,692.160000,146.810000,268.797259,211.517276,NaN,NaN,NaN,NaN
733.840000,225.990000,388.120000,279.010000,692.060000,147.970000,271.231334,210.705917,NaN,NaN,NaN,NaN
733.050000,226.430000,388.630000,278.950000,691.770000,148.230000,271.231334,210.705917,NaN,NaN,NaN,NaN
733.010000,227.060000,388.030000,279.490000,691.750000,150.120000,271.231334,210.705917,NaN,NaN,NaN,NaN
732.590000,227.940000,388.360000,279.930000,691.060000,150.170000,271.231334,212.328634,NaN,NaN,NaN,NaN
732.080000,228.670000,385.920000,280.200000,690.790000,149.900000,272.042692,213.139992,NaN,NaN,NaN,NaN
733.000000,229.080000,388.281455,279.496457,689.740000,151.610000,271.231334,213.139992,NaN,NaN,NaN,NaN
732.780000,229.860000,387.380000,278.820000,688.730000,151.800000,271.231334,213.139992,NaN,NaN,NaN,NaN
733.960000,227.120000,388.260000,278.240000,687.410000,152.240000,272.042692,218.008141,NaN,NaN,NaN,NaN
732.290000,227.310000,387.170000,278.490000,685.620000,151.360000,274.476767,218.008141,NaN,NaN,NaN,NaN
733.080000,226.830000,386.370000,278.800000,683.870000,151.990000,271.231334,218.008141,NaN,NaN,NaN,NaN
732.940000,226.480000,387.510000,278.810000,681.900000,153.040000,275.288125,215.574067,NaN,NaN,NaN,NaN
732.960000,226.810000,387.670000,279.070000,681.797988,153.933280,272.854051,218.819500,NaN,NaN,NaN,NaN
732.050000,227.910000,387.040000,279.210000,680.870000,155.030000,271.231334,220.442216,NaN,NaN,NaN,NaN
732.030000,228.650000,386.290000,279.190000,678.790000,156.220000,268.797259,223.687649,NaN,NaN,NaN,NaN
731.140000,229.050000,385.750000,279.140000,676.860000,157.590000,268.797259,224.499007,NaN,NaN,NaN,NaN
729.800000,230.070000,384.950000,279.020000,675.547524,160.183744,265.551827,226.121724,NaN,NaN,NaN,NaN
727.900000,231.190000,388.281455,284.973125,675.430000,161.770000,265.551827,229.367156,NaN,NaN,NaN,NaN
726.850000,232.250000,386.912288,289.080626,675.260000,163.250000,264.740468,233.423948,NaN,NaN,NaN,NaN
724.980000,233.350000,386.912288,289.765209,675.990000,163.090000,266.363185,234.235306,NaN,NaN,NaN,NaN
724.000000,234.360000,384.730000,291.360000,676.490000,162.850000,267.174543,234.235306,NaN,NaN,NaN,NaN
723.890000,234.910000,384.050000,292.710000,676.410000,163.890000,267.174543,235.046664,NaN,NaN,NaN,NaN
722.990000,237.720000,384.990000,293.590000,675.940000,165.530000,267.174543,235.046664,NaN,NaN,NaN,NaN
720.800000,240.160000,385.730000,294.800000,676.989939,167.876622,267.174543,237.480739,NaN,NaN,NaN,NaN
718.330000,243.090000,384.810000,295.910000,668.335451,176.531109,267.174543,239.103455,NaN,NaN,NaN,NaN
716.960000,246.350000,383.950000,296.560000,668.335451,180.377548,266.830000,241.060000,NaN,NaN,NaN,NaN
716.550207,238.141463,383.489370,295.241877,668.816256,180.858353,265.460000,242.850000,NaN,NaN,NaN,NaN
716.140000,237.030000,382.780000,294.600000,668.816256,176.531109,265.551827,243.160246,NaN,NaN,NaN,NaN
715.860000,238.010000,382.070000,294.150000,670.739476,173.646280,264.740468,247.217037,NaN,NaN,NaN,NaN
715.590000,238.860000,382.480000,294.080000,672.250000,174.340000,267.174543,246.405679,NaN,NaN,NaN,NaN
714.890000,239.060000,383.480000,294.130000,674.070000,174.010000,269.608618,244.782963,NaN,NaN,NaN,NaN
711.073539,244.987298,383.830000,295.140000,676.380000,173.490000,270.419976,244.782963,NaN,NaN,NaN,NaN
705.850000,249.890000,378.697286,301.403129,676.500000,172.990000,270.419976,244.782963,NaN,NaN,NaN,NaN
706.281455,240.879797,378.697286,301.403129,674.105110,175.088695,272.042692,244.782963,NaN,NaN,NaN,NaN
707.090000,240.970000,374.589785,300.033962,674.510000,176.630000,267.985901,252.085187,NaN,NaN,NaN,NaN
708.330000,240.390000,374.620000,299.200000,673.143500,177.973524,267.985901,252.085187,NaN,NaN,NaN,NaN
709.160000,240.330000,375.470000,298.140000,674.585915,176.050305,270.419976,250.462470,NaN,NaN,NaN,NaN
709.830000,239.940000,376.660000,297.110000,675.340000,175.310000,268.797259,252.896545,NaN,NaN,NaN,NaN
705.596871,240.879797,377.000000,296.180000,676.010000,175.990000,271.231334,253.707903,NaN,NaN,NaN,NaN
701.930000,242.790000,378.697286,300.033962,675.900000,176.150000,271.231334,253.707903,NaN,NaN,NaN,NaN
694.643535,247.725632,375.958952,301.403129,676.989939,176.050305,278.533558,254.519261,NaN,NaN,NaN,NaN
689.851451,247.725632,371.166867,304.141463,677.820000,176.140000,266.363185,262.632844,NaN,NaN,NaN,NaN
689.851451,247.725632,369.113117,308.933547,679.050000,175.740000,274.476767,253.707903,NaN,NaN,NaN,NaN
689.820000,247.250000,370.482284,300.718545,680.080000,174.800000,276.099483,256.141978,NaN,NaN,NaN,NaN
687.520000,247.730000,369.113117,304.141463,680.355573,176.531109,276.099483,256.141978,NaN,NaN,NaN,NaN
685.250000,249.190000,367.800000,305.090000,676.509134,180.858353,276.099483,256.141978,NaN,NaN,NaN,NaN
682.910000,251.500000,367.270000,306.260000,676.509134,182.781573,274.476767,255.330620,NaN,NaN,NaN,NaN
682.640000,252.990000,367.743950,310.302714,676.950000,185.040000,275.288125,260.198769,NaN,NaN,NaN,NaN
683.390000,254.610000,368.500000,313.710000,678.432354,187.589621,275.288125,265.066918,NaN,NaN,NaN,NaN
685.930000,255.120000,367.743950,310.302714,685.644427,186.147207,274.476767,261.010127,NaN,NaN,NaN,NaN
689.520000,253.760000,368.428533,313.725632,690.452476,180.377548,275.288125,261.010127,NaN,NaN,NaN,NaN
693.090000,251.170000,368.428533,313.725632,694.940000,175.100000,278.533558,255.330620,NaN,NaN,NaN,NaN
695.120000,248.820000,371.851451,308.248964,704.395817,164.030183,285.835782,243.971604,NaN,NaN,NaN,NaN
695.680000,247.920000,370.482284,306.195213,710.646280,160.664549,289.892573,236.669380,NaN,NaN,NaN,NaN
695.130000,248.020000,370.150000,304.400000,712.088695,159.222134,291.515290,232.612589,NaN,NaN,NaN,NaN
693.930000,248.570000,368.428533,307.564380,713.590000,158.770000,296.383439,226.933082,NaN,NaN,NaN,NaN
692.070000,249.600000,365.690199,310.987298,714.310000,158.650000,296.383439,226.933082,NaN,NaN,NaN,NaN
690.920000,250.010000,363.636449,310.987298,715.990000,158.050000,302.062947,226.933082,NaN,NaN,NaN,NaN
691.130000,249.310000,362.951865,311.671881,713.050305,158.260524,301.251588,226.933082,NaN,NaN,NaN,NaN
691.810000,247.920000,358.159781,314.410215,717.377548,154.894890,301.251588,226.933082,NaN,NaN,NaN,NaN
691.300000,247.140000,358.159781,314.410215,718.250000,153.610000,301.251588,226.121724,NaN,NaN,NaN,NaN
690.620000,247.410000,358.159781,314.410215,717.377548,151.048451,301.251588,222.064932,NaN,NaN,NaN,NaN
689.740000,247.950000,355.421447,313.725632,716.830000,151.630000,301.251588,222.064932,NaN,NaN,NaN,NaN
689.420000,248.090000,355.421447,313.041048,716.240000,151.770000,300.440230,222.876291,NaN,NaN,NaN,NaN
689.250000,247.400000,354.736863,313.041048,716.210000,150.850000,300.440230,223.687649,NaN,NaN,NaN,NaN
689.050000,247.260000,354.736863,313.041048,716.970000,149.600000,298.006156,222.064932,NaN,NaN,NaN,NaN
690.190000,247.390000,350.629362,313.041048,718.010000,147.950000,300.440230,219.630858,NaN,NaN,NaN,NaN
692.050000,246.960000,349.260195,315.094799,718.680000,146.280000,300.440230,219.630858,NaN,NaN,NaN,NaN
693.990000,246.100000,351.313946,315.094799,718.250000,146.020000,307.742454,216.385425,NaN,NaN,NaN,NaN
696.790000,246.260000,351.998529,315.779382,706.799841,152.971671,307.742454,216.385425,NaN,NaN,NaN,NaN
702.858537,250.463966,360.898115,313.725632,695.741329,164.510988,304.497021,222.064932,NaN,NaN,NaN,NaN
711.073539,246.356465,361.582698,312.356465,692.856500,169.319036,297.194797,224.499007,NaN,NaN,NaN,NaN
715.930000,244.130000,367.059366,310.302714,688.280000,169.190000,295.572081,230.178515,NaN,NaN,NaN,NaN
721.000000,242.470000,375.958952,309.618131,691.414085,174.607890,286.647140,238.292097,NaN,NaN,NaN,NaN
719.973125,242.933547,396.496457,308.248964,690.650000,178.530000,274.476767,260.198769,NaN,NaN,NaN,NaN
720.657708,244.987298,396.496457,308.248964,690.970000,179.100000,280.967633,255.330620,NaN,NaN,NaN,NaN
719.060000,246.910000,396.496457,308.248964,695.260524,181.819963,289.892573,247.217037,NaN,NaN,NaN,NaN
718.730000,248.780000,392.388956,313.725632,702.953402,180.377548,287.458499,252.896545,NaN,NaN,NaN,NaN
717.940000,251.010000,391.019789,310.302714,701.510988,178.454329,289.081215,252.896545,NaN,NaN,NaN,NaN
715.160000,253.040000,390.510000,309.090000,700.190000,178.060000,289.081215,252.896545,NaN,NaN,NaN,NaN
709.450000,255.040000,389.390000,309.540000,698.830000,179.020000,289.081215,252.896545,NaN,NaN,NaN,NaN
709.704372,249.094799,386.227704,311.671881,697.664549,177.011914,286.647140,252.896545,NaN,NaN,NaN,NaN
708.335205,250.463966,383.489370,310.302714,696.702939,172.684670,286.647140,252.896545,NaN,NaN,NaN,NaN
711.758123,244.302714,383.489370,308.248964,699.106963,171.242256,281.778991,252.085187,NaN,NaN,NaN,NaN
712.870000,240.000000,386.912288,306.195213,698.145353,172.684670,281.778991,248.028396,NaN,NaN,NaN,NaN
711.000000,235.920000,386.912288,306.195213,695.540000,172.880000,281.778991,248.028396,NaN,NaN,NaN,NaN
706.281455,246.356465,383.489370,304.141463,694.650000,172.120000,281.778991,248.028396,NaN,NaN,NaN,NaN
710.388956,241.564380,383.489370,298.664795,693.470000,171.240000,281.778991,248.028396,NaN,NaN,NaN,NaN
710.388956,242.933547,382.820000,297.290000,694.298915,172.684670,280.156275,244.782963,NaN,NaN,NaN,NaN
707.840000,242.910000,381.820000,296.090000,684.682817,167.395817,278.533558,244.782963,NaN,NaN,NaN,NaN
706.966038,240.879797,380.890000,295.470000,680.355573,168.838231,270.419976,243.971604,NaN,NaN,NaN,NaN
707.990000,238.990000,379.730000,295.110000,684.202012,172.203866,270.419976,243.971604,NaN,NaN,NaN,NaN
708.335205,236.087712,378.930000,293.680000,681.317183,166.434207,263.929110,243.971604,NaN,NaN,NaN,NaN
709.110000,232.560000,377.980000,290.300000,676.810000,162.860000,261.495035,238.292097,NaN,NaN,NaN,NaN
709.260000,229.160000,372.536034,285.657708,677.951549,164.510988,260.683677,236.669380,NaN,NaN,NaN,NaN
710.200000,226.150000,371.166867,274.704372,667.373842,159.222134,255.004170,233.423948,NaN,NaN,NaN,NaN
711.000000,223.080000,371.166867,274.704372,661.604183,164.991792,251.758737,233.423948,NaN,NaN,NaN,NaN
710.388956,218.973125,370.590000,273.120000,655.400000,168.050000,250.136020,237.480739,NaN,NaN,NaN,NaN
711.073539,216.234791,369.070000,272.990000,659.680964,168.357427,247.701946,243.971604,NaN,NaN,NaN,NaN
712.160000,215.010000,370.482284,275.388956,645.737622,175.088695,244.456513,248.839754,NaN,NaN,NaN,NaN
712.180000,213.630000,362.267282,274.019789,643.814403,178.935134,240.399722,256.141978,NaN,NaN,NaN,NaN
713.127290,213.496457,364.321032,268.543121,639.487159,179.896744,238.777005,261.010127,NaN,NaN,NaN,NaN
713.910000,212.600000,360.213531,264.435620,636.121525,186.628012,240.399722,271.557784,NaN,NaN,NaN,NaN
714.750000,211.910000,359.528948,264.435620,631.313476,195.282499,245.267871,278.860008,NaN,NaN,NaN,NaN
715.865624,210.073539,358.040000,263.830000,629.390257,195.763304,246.890587,283.728157,NaN,NaN,NaN,NaN
716.600000,208.180000,355.421447,263.066453,623.139793,195.282499,239.588363,283.728157,NaN,NaN,NaN,NaN
716.120000,206.030000,350.760000,261.940000,623.139793,189.032036,231.474781,284.539516,NaN,NaN,NaN,NaN
717.919374,205.966038,349.260195,258.958952,621.697379,185.185597,227.417990,274.803217,NaN,NaN,NaN,NaN
716.550207,196.381869,343.098944,252.797700,617.850940,186.628012,233.908856,271.557784,NaN,NaN,NaN,NaN
719.288541,195.012702,341.045193,243.898115,616.889330,188.070426,236.342931,277.237292,NaN,NaN,NaN,NaN
716.550207,190.220618,334.199358,243.898115,613.042891,194.801695,236.342931,276.425933,NaN,NaN,NaN,NaN
722.026875,186.113117,332.830191,241.844364,612.562086,194.801695,244.456513,276.425933,NaN,NaN,NaN,NaN
720.657708,184.743950,329.950000,239.630000,607.273233,196.724914,239.588363,274.803217,NaN,NaN,NaN,NaN
719.973125,179.267282,324.660000,236.080000,603.100000,197.970000,233.097498,274.803217,NaN,NaN,NaN,NaN
717.919374,175.159781,328.722690,236.367696,601.984379,189.993646,231.474781,273.991859,NaN,NaN,NaN,NaN
719.288541,172.421447,318.453938,226.098944,599.580355,190.955256,227.417990,273.991859,NaN,NaN,NaN,NaN
713.127290,167.629362,308.869769,218.568525,599.580355,192.397670,224.983915,268.312351,NaN,NaN,NaN,NaN
713.127290,166.944779,306.131435,217.883942,598.810000,192.880000,226.606632,268.312351,NaN,NaN,NaN,NaN
709.704372,159.414360,306.131435,218.568525,598.010000,193.320000,226.606632,268.312351,NaN,NaN,NaN,NaN
714.496457,160.098944,304.762268,217.883942,597.176330,196.724914,226.606632,268.312351,NaN,NaN,NaN,NaN
711.758123,158.045193,300.654767,212.407274,595.733916,192.397670,225.795274,267.500993,NaN,NaN,NaN,NaN
713.127290,161.468111,298.601016,211.722690,594.250000,190.030000,219.304408,264.255560,NaN,NaN,NaN,NaN
710.388956,157.360610,296.720000,210.460000,592.849086,188.551231,219.304408,262.632844,NaN,NaN,NaN,NaN
708.335205,150.514775,297.231849,211.038107,590.445062,186.147207,217.681691,261.010127,NaN,NaN,NaN,NaN
706.966038,145.038107,293.808932,204.876855,591.887477,183.262378,214.436259,255.330620,NaN,NaN,NaN,NaN
704.227704,138.876855,291.755181,195.292686,592.368281,177.011914,214.436259,253.707903,NaN,NaN,NaN,NaN
707.650622,136.138521,293.124348,189.131435,594.772306,173.646280,213.624900,249.651112,NaN,NaN,NaN,NaN
708.000000,133.830000,293.120000,185.870000,595.733916,177.011914,213.624900,249.651112,NaN,NaN,NaN,NaN
702.173954,131.346437,293.124348,186.393101,594.170000,178.870000,213.624900,249.651112,NaN,NaN,NaN,NaN
703.543121,136.138521,292.620000,185.780000,593.800000,180.890000,216.058975,252.085187,NaN,NaN,NaN,NaN
703.840000,139.110000,293.124348,185.708517,592.990000,182.690000,216.058975,256.953336,NaN,NaN,NaN,NaN
703.820000,141.970000,292.890000,187.970000,596.214720,178.454329,216.058975,256.953336,NaN,NaN,NaN,NaN
704.000000,144.720000,291.070598,195.292686,596.870000,176.340000,216.058975,264.255560,NaN,NaN,NaN,NaN
703.543121,142.299773,291.070598,195.292686,596.470000,176.710000,216.058975,263.444202,NaN,NaN,NaN,NaN
703.140000,141.750000,290.670000,195.230000,595.440000,177.540000,210.379467,268.312351,NaN,NaN,NaN,NaN
702.990000,143.040000,289.700000,195.250000,594.150000,178.310000,210.379467,268.312351,NaN,NaN,NaN,NaN
704.227704,143.668940,288.580000,196.660000,592.870000,179.450000,214.436259,263.444202,NaN,NaN,NaN,NaN
701.489370,154.622276,289.016847,200.084771,592.200000,182.390000,217.681691,261.010127,NaN,NaN,NaN,NaN
702.173954,162.837278,289.016847,206.930606,592.570000,185.200000,224.172557,256.953336,NaN,NaN,NaN,NaN
705.596871,163.521861,289.016847,210.353523,593.360000,188.040000,222.549841,266.689635,NaN,NaN,NaN,NaN
705.596871,152.568525,289.701431,210.353523,592.990000,190.530000,227.417990,261.821485,NaN,NaN,NaN,NaN
705.596871,149.830191,289.701431,206.930606,587.560233,190.955256,225.795274,261.821485,NaN,NaN,NaN,NaN
706.030000,146.190000,287.647680,202.138521,587.880000,191.110000,221.738483,265.878276,NaN,NaN,NaN,NaN
705.830000,145.820000,286.240000,199.350000,587.520000,190.500000,221.738483,265.878276,NaN,NaN,NaN,NaN
705.596871,145.038107,286.963097,196.661853,586.900000,189.800000,221.738483,265.878276,NaN,NaN,NaN,NaN
704.720000,144.180000,283.540179,196.661853,587.079428,192.397670,218.493050,266.689635,NaN,NaN,NaN,NaN
704.160000,142.880000,281.530000,196.090000,583.713794,190.474451,218.493050,266.689635,NaN,NaN,NaN,NaN
703.880000,142.080000,279.910000,195.710000,583.170000,189.260000,218.493050,266.689635,NaN,NaN,NaN,NaN
695.328119,142.299773,278.910000,195.060000,582.100000,189.990000,218.493050,266.689635,NaN,NaN,NaN,NaN
688.482284,142.299773,278.748095,195.292686,581.570000,190.320000,218.493050,266.689635,NaN,NaN,NaN,NaN
687.797700,142.984356,277.460000,194.960000,581.920000,191.100000,218.493050,266.689635,NaN,NaN,NaN,NaN
687.797700,142.984356,275.860000,194.640000,581.790574,194.801695,218.493050,266.689635,NaN,NaN,NaN,NaN
687.020000,142.800000,274.950000,194.430000,579.867355,191.436060,218.493050,266.689635,NaN,NaN,NaN,NaN
685.930000,142.420000,274.100000,193.780000,579.510000,190.150000,218.493050,266.689635,NaN,NaN,NaN,NaN
688.482284,143.668940,273.170000,193.800000,578.820000,189.040000,218.493050,266.689635,NaN,NaN,NaN,NaN
685.059366,150.514775,269.848509,198.031020,577.944135,193.840085,218.493050,266.689635,NaN,NaN,NaN,NaN
690.536034,152.568525,269.848509,200.084771,576.940000,195.540000,218.493050,266.689635,NaN,NaN,NaN,NaN
684.374783,149.830191,268.890000,199.680000,576.020916,193.840085,218.493050,266.689635,NaN,NaN,NaN,NaN
685.059366,145.038107,267.850000,197.950000,575.140000,193.200000,214.436259,267.500993,NaN,NaN,NaN,NaN
684.470000,141.270000,266.640000,193.990000,574.080000,192.280000,214.436259,268.312351,NaN,NaN,NaN,NaN
680.951865,136.823105,258.895173,195.292686,576.501721,193.840085,210.379467,268.312351,NaN,NaN,NaN,NaN
678.190000,133.020000,258.210590,192.554352,581.309769,200.571353,210.379467,268.312351,NaN,NaN,NaN,NaN
681.636449,140.246022,256.170000,193.650000,577.944135,197.205719,214.436259,266.689635,NaN,NaN,NaN,NaN
679.980000,144.840000,254.120000,196.510000,570.251257,193.840085,215.247617,266.689635,NaN,NaN,NaN,NaN
678.920000,146.430000,254.103089,198.715604,570.732062,195.763304,212.813542,266.689635,NaN,NaN,NaN,NaN
678.898115,138.876855,254.103089,198.715604,572.174477,199.128938,213.700000,267.160000,NaN,NaN,NaN,NaN
677.528948,135.453938,255.472256,195.292686,572.655282,195.763304,212.813542,266.689635,NaN,NaN,NaN,NaN
675.930000,131.170000,255.472256,189.131435,571.212867,191.436060,210.379467,266.689635,NaN,NaN,NaN,NaN
674.106030,123.131435,252.049338,185.708517,567.847233,188.551231,209.568109,261.821485,NaN,NaN,NaN,NaN
676.159781,109.439765,252.733922,178.178099,568.328038,187.108817,207.134035,256.953336,NaN,NaN,NaN,NaN
669.313946,106.701431,256.156839,173.386014,568.230000,185.050000,204.660000,252.110000,NaN,NaN,NaN,NaN
662.468111,107.386014,256.156839,173.386014,570.732062,181.819963,203.077243,246.405679,NaN,NaN,NaN,NaN
665.891028,108.070598,256.156839,174.755181,567.847233,180.377548,204.699960,244.782963,NaN,NaN,NaN,NaN
665.891028,103.963097,255.472256,176.808932,565.443209,177.011914,203.030000,242.960000,NaN,NaN,NaN,NaN
666.180000,102.720000,255.472256,176.808932,565.443209,177.011914,201.130000,239.280000,NaN,NaN,NaN,NaN
666.190000,100.880000,256.156839,173.386014,565.443209,177.011914,199.020452,247.217037,NaN,NaN,NaN,NaN
662.468111,103.278513,256.156839,173.386014,567.366428,169.799841,197.397736,248.028396,NaN,NaN,NaN,NaN
659.900000,104.930000,253.418505,171.332264,569.000000,164.070000,193.340945,245.594321,NaN,NaN,NaN,NaN
655.622276,104.647680,252.049338,173.386014,561.115965,164.991792,190.095512,245.594321,NaN,NaN,NaN,NaN
661.098944,101.224763,249.995588,173.386014,561.100000,163.990000,189.284154,246.405679,NaN,NaN,NaN,NaN
653.215002,97.478703,250.680171,169.963097,561.596770,167.395817,189.284154,243.971604,NaN,NaN,NaN,NaN
657.474633,98.087222,251.364755,169.963097,561.530000,166.130000,190.095512,242.348888,NaN,NaN,NaN,NaN
659.908707,98.087222,251.364755,170.647680,554.384697,161.145353,193.340945,238.292097,NaN,NaN,NaN,NaN
660.517226,91.393517,248.626421,169.963097,553.820000,157.160000,190.095512,239.103455,NaN,NaN,NaN,NaN
661.830000,87.930000,247.941837,161.748095,556.540000,153.140000,186.038721,236.669380,NaN,NaN,NaN,NaN
662.920000,85.980000,250.680171,161.748095,558.710000,148.940000,184.416004,230.989873,NaN,NaN,NaN,NaN
658.691670,83.482774,255.079081,156.474633,555.346306,154.894890,183.604646,224.499007,NaN,NaN,NaN,NaN
656.230000,83.190000,252.036487,147.955371,557.750331,147.682817,184.416004,222.876291,NaN,NaN,NaN,NaN
655.110000,82.330000,252.036487,147.955371,558.760000,143.070000,186.038721,218.819500,NaN,NaN,NaN,NaN
658.691670,82.874255,252.036487,147.955371,559.980000,138.240000,186.850079,213.139992,NaN,NaN,NaN,NaN
658.950000,79.840000,263.598342,140.044629,561.810000,133.460000,184.416004,208.271843,NaN,NaN,NaN,NaN
659.610000,77.890000,266.032417,133.959442,564.280000,130.350000,184.416004,205.026410,NaN,NaN,NaN,NaN
660.090000,78.370000,266.032417,133.350923,567.230000,127.630000,186.850079,199.346902,NaN,NaN,NaN,NaN
660.680000,78.120000,266.032417,133.350923,562.077575,132.297061,189.040000,194.010000,NaN,NaN,NaN,NaN
660.710000,77.950000,266.640935,130.916849,564.962404,123.161769,189.284154,194.478753,NaN,NaN,NaN,NaN
660.710000,77.480000,270.900566,127.265737,567.280000,117.100000,189.284154,187.176529,NaN,NaN,NaN,NaN
660.870000,76.860000,273.930000,124.200000,567.280000,111.070000,189.284154,187.176529,NaN,NaN,NaN,NaN
662.342782,69.486845,275.768715,123.614625,568.520000,105.160000,189.284154,187.176529,NaN,NaN,NaN,NaN
670.253525,57.924990,278.811309,120.572031,572.280000,99.110000,190.095512,179.874305,NaN,NaN,NaN,NaN
677.060000,47.210000,289.764645,115.095363,578.780000,93.020000,191.718228,174.194797,NaN,NaN,NaN,NaN
679.989823,53.665359,300.109462,112.661289,576.020916,106.814403,191.718228,172.572081,NaN,NaN,NaN,NaN
681.040000,55.840000,306.194649,110.835733,575.059306,98.640720,192.529587,167.703932,NaN,NaN,NaN,NaN
679.270000,57.950000,306.803167,110.227214,576.501721,92.871062,191.718228,162.835782,NaN,NaN,NaN,NaN
678.200000,60.140000,311.062798,107.793139,576.501721,92.871062,190.906870,156.344916,NaN,NaN,NaN,NaN
689.726122,46.971654,308.020205,107.184621,576.900000,91.970000,194.963661,151.476767,NaN,NaN,NaN,NaN
697.636865,52.448322,312.888354,106.576102,575.870000,90.680000,203.888602,147.419976,NaN,NaN,NaN,NaN
707.373163,55.490915,334.186507,104.750546,585.156208,69.311623,206.322676,136.872319,NaN,NaN,NaN,NaN
713.458350,65.227214,351.870000,103.970000,599.099550,63.061159,209.568109,124.701946,NaN,NaN,NaN,NaN
718.935018,67.052770,346.356881,110.835733,608.715647,59.695525,220.115766,112.531572,NaN,NaN,NaN,NaN
721.977611,64.618695,359.744291,117.529438,611.600476,62.099550,229.040707,110.097498,NaN,NaN,NaN,NaN
715.892425,66.444251,357.918735,118.746475,608.234842,60.176330,231.040000,106.240000,NaN,NaN,NaN,NaN
715.892425,67.661289,354.876142,119.963513,607.390000,58.950000,233.097498,108.474781,NaN,NaN,NaN,NaN
716.070000,68.710000,359.135773,123.006106,606.720000,58.120000,232.960000,106.560000,NaN,NaN,NaN,NaN
716.060000,67.150000,359.744291,123.006106,607.520000,57.050000,230.660000,107.780000,NaN,NaN,NaN,NaN
716.210000,66.150000,359.135773,119.963513,619.295561,44.293707,233.097498,113.342931,NaN,NaN,NaN,NaN
717.620000,65.030000,359.135773,119.963513,611.602683,55.191951,231.474781,115.777005,NaN,NaN,NaN,NaN
718.060000,64.010000,359.135773,119.963513,611.602683,55.191951,231.474781,110.908856,NaN,NaN,NaN,NaN
718.950000,63.110000,357.918735,125.440181,611.960000,57.090000,231.474781,106.852065,NaN,NaN,NaN,NaN
715.892425,67.661289,365.220959,117.529438,613.270000,59.170000,232.286139,106.040707,NaN,NaN,NaN,NaN
714.650000,71.170000,365.220959,117.529438,613.950000,60.960000,233.480000,105.150000,NaN,NaN,NaN,NaN
713.610000,74.980000,362.178366,126.048699,616.090195,55.833024,235.040000,105.690000,NaN,NaN,NaN,NaN
722.586130,77.397587,359.135773,124.831662,618.013415,57.756244,235.531572,106.040707,NaN,NaN,NaN,NaN
723.194649,80.440181,356.701698,129.699811,619.295561,59.679463,235.760000,107.770000,NaN,NaN,NaN,NaN
724.980000,84.280000,356.701698,135.784998,620.577707,69.936634,234.720214,119.833796,NaN,NaN,NaN,NaN
726.840000,88.420000,356.701698,143.695741,619.936634,76.988439,230.663423,128.758737,NaN,NaN,NaN,NaN
726.237242,95.653147,357.310217,143.695741,621.218780,87.886683,226.606632,142.551827,NaN,NaN,NaN,NaN
726.280000,101.770000,350.007993,149.172409,621.859854,98.784926,225.795274,154.722200,NaN,NaN,NaN,NaN
727.454279,104.172409,343.922806,155.866114,618.013415,112.247463,224.983915,170.949364,NaN,NaN,NaN,NaN
718.935018,104.172409,337.229101,156.474633,611.602683,118.658194,213.624900,184.742454,NaN,NaN,NaN,NaN
718.935018,104.172409,326.884283,160.734263,607.756244,124.427853,207.134035,192.044678,NaN,NaN,NaN,NaN
717.109462,98.087222,323.233171,161.342782,605.833024,128.274292,207.134035,192.856036,NaN,NaN,NaN,NaN
717.860000,92.980000,320.799097,155.257595,607.756244,125.709999,207.134035,193.667395,NaN,NaN,NaN,NaN
718.950000,88.010000,320.190578,144.912778,608.397317,126.992146,207.134035,193.667395,NaN,NaN,NaN,NaN
713.458350,79.831662,309.845761,139.436110,601.986585,129.556438,207.134035,193.667395,NaN,NaN,NaN,NaN
697.636865,83.482774,311.671317,139.436110,598.370000,132.140000,207.810000,194.230000,NaN,NaN,NaN,NaN
697.028346,88.350923,302.543537,144.912778,594.934781,141.095755,206.322676,206.649126,NaN,NaN,NaN,NaN
697.636865,95.653147,295.241313,150.997965,596.858000,145.583267,206.322676,210.705917,NaN,NaN,NaN,NaN
700.679458,104.780927,295.241313,156.474633,591.729415,153.276145,206.110000,215.440000,NaN,NaN,NaN,NaN
702.720000,113.000000,294.024275,166.210931,590.447269,159.686877,207.134035,231.801231,NaN,NaN,NaN,NaN
704.330570,126.079081,293.415757,174.730193,591.020000,166.120000,216.870333,226.121724,NaN,NaN,NaN,NaN
707.373163,140.075010,296.458350,182.640935,593.011561,169.302974,229.040707,243.971604,NaN,NaN,NaN,NaN
707.373163,148.594271,300.109462,192.985753,589.165122,169.944048,229.040707,249.651112,NaN,NaN,NaN,NaN
696.419827,151.636865,300.109462,201.505014,585.318683,169.944048,229.040707,248.839754,NaN,NaN,NaN,NaN
698.853902,136.423898,293.415757,208.807238,583.395464,168.661901,220.927124,251.273828,NaN,NaN,NaN,NaN
695.811309,123.645006,287.330570,191.160197,587.241903,169.944048,219.304408,257.764694,NaN,NaN,NaN,NaN
694.060000,111.320000,281.853902,179.598342,589.165122,171.867267,219.304408,265.878276,NaN,NaN,NaN,NaN
679.381305,118.776857,269.075010,183.857973,579.549025,171.226194,219.304408,266.689635,NaN,NaN,NaN,NaN
670.862043,127.296118,244.734263,194.202790,576.343659,171.226194,219.304408,266.689635,NaN,NaN,NaN,NaN
679.989823,124.253525,245.342782,193.594271,577.625805,170.585121,218.493050,261.010127,NaN,NaN,NaN,NaN
676.947230,121.210931,247.168338,193.594271,582.754391,173.790487,218.493050,261.010127,NaN,NaN,NaN,NaN
678.772786,120.602413,251.427969,192.985753,584.677610,175.713706,227.417990,260.198769,NaN,NaN,NaN,NaN
678.772786,126.079081,255.079081,192.985753,586.469008,203.570775,229.852065,260.198769,NaN,NaN,NaN,NaN
678.070000,129.980000,255.687599,196.028346,581.910266,199.012032,213.624900,276.425933,NaN,NaN,NaN,NaN
678.772786,130.338711,253.862043,201.505014,579.061052,196.732661,213.624900,277.237292,NaN,NaN,NaN,NaN
679.989823,125.470562,258.121674,197.245383,579.061052,199.581875,214.436259,277.237292,NaN,NaN,NaN,NaN
672.079081,119.993894,258.121674,192.985753,578.040000,201.060000,214.436259,277.237292,NaN,NaN,NaN,NaN
670.862043,126.687599,256.296118,192.377234,577.020000,203.120000,218.493050,273.991859,NaN,NaN,NaN,NaN
670.862043,133.989823,251.427969,202.722051,581.340423,194.453290,217.681691,273.180500,NaN,NaN,NaN,NaN
670.253525,136.423898,250.819450,204.547607,580.200737,204.710460,226.606632,278.048650,NaN,NaN,NaN,NaN
670.253525,140.683529,246.559819,208.198719,575.072152,206.989831,226.606632,279.671366,NaN,NaN,NaN,NaN
670.253525,134.598342,246.559819,205.156126,575.072152,209.839045,219.304408,279.671366,NaN,NaN,NaN,NaN
669.980000,131.360000,248.385375,200.896495,575.350000,213.010000,218.250000,278.950000,NaN,NaN,NaN,NaN
669.645006,127.904637,248.385375,196.636865,573.260000,215.870000,219.220000,279.110000,NaN,NaN,NaN,NaN
667.210931,122.427969,248.385375,196.028346,569.200000,218.930000,220.927124,272.369142,NaN,NaN,NaN,NaN
665.385375,123.645006,244.125745,200.896495,566.070000,220.170000,221.738483,277.237292,NaN,NaN,NaN,NaN
662.342782,121.819450,245.951301,194.202790,573.932466,209.839045,220.115766,277.237292,NaN,NaN,NaN,NaN
661.734263,99.912778,248.385375,185.683529,582.480109,196.162818,217.681691,276.425933,NaN,NaN,NaN,NaN
662.951301,93.827591,251.427969,164.993894,583.619794,179.637376,214.436259,268.312351,NaN,NaN,NaN,NaN
664.776857,101.738334,253.862043,160.125745,579.061052,172.229420,207.945393,255.330620,NaN,NaN,NaN,NaN
660.517226,99.304259,241.691670,166.210931,575.641995,172.229420,200.643169,254.519261,NaN,NaN,NaN,NaN
655.649077,95.653147,241.083151,165.602413,573.362624,174.508791,200.643169,254.519261,NaN,NaN,NaN,NaN
654.432039,102.346853,240.474633,166.819450,571.340000,176.090000,200.643169,254.519261,NaN,NaN,NaN,NaN
655.649077,107.823521,236.823521,173.513155,570.513410,184.196119,204.699960,264.255560,NaN,NaN,NaN,NaN
658.083151,115.734263,234.389446,178.381305,565.384824,191.604075,204.699960,265.066918,NaN,NaN,NaN,NaN
660.530000,122.810000,233.172409,183.857973,561.395925,194.453290,204.699960,265.066918,NaN,NaN,NaN,NaN
658.691670,122.427969,232.563890,188.117603,555.127654,198.442189,205.660000,266.380000,NaN,NaN,NaN,NaN
657.860000,120.780000,232.563890,189.334641,559.116553,188.185019,204.699960,265.066918,NaN,NaN,NaN,NaN
652.606483,116.342782,232.563890,189.334641,553.987968,189.324704,199.831811,265.066918,NaN,NaN,NaN,NaN
635.567961,110.866114,232.563890,188.117603,547.719697,186.475490,199.020452,265.066918,NaN,NaN,NaN,NaN
639.219073,113.300189,230.129815,185.683529,545.440326,193.313604,197.397736,264.255560,NaN,NaN,NaN,NaN
639.030000,114.040000,230.129815,182.640935,546.010169,197.872346,198.830000,267.020000,NaN,NaN,NaN,NaN
639.120000,117.710000,234.997965,182.032417,547.719697,193.883447,197.397736,264.255560,NaN,NaN,NaN,NaN
639.050000,119.440000,234.389446,186.292047,547.719697,193.883447,195.190000,263.780000,NaN,NaN,NaN,NaN
643.478703,116.342782,233.172409,188.117603,547.280000,192.950000,197.397736,267.500993,NaN,NaN,NaN,NaN
641.044629,113.908707,233.172409,185.683529,545.440326,192.743761,197.397736,267.500993,NaN,NaN,NaN,NaN
640.436110,112.083151,234.389446,176.555749,545.440326,186.475490,195.775019,266.689635,NaN,NaN,NaN,NaN
642.870185,107.215002,248.385375,171.079081,545.000000,181.920000,190.095512,263.444202,NaN,NaN,NaN,NaN
645.912778,99.912778,253.253525,163.776857,546.010169,177.927848,185.227363,256.953336,NaN,NaN,NaN,NaN
648.830000,92.770000,253.862043,158.908707,548.859383,168.810363,181.981930,243.160246,NaN,NaN,NaN,NaN
651.997965,85.308330,262.381305,144.304259,552.278440,160.262721,178.736497,240.726172,NaN,NaN,NaN,NaN
653.823521,76.180550,274.551678,132.742405,550.568911,148.865865,176.302422,231.801231,NaN,NaN,NaN,NaN
657.170000,67.230000,274.551678,130.308330,553.418125,149.435707,174.679706,227.744440,NaN,NaN,NaN,NaN
661.940000,58.190000,269.075010,129.699811,555.080000,147.260000,174.679706,224.499007,NaN,NaN,NaN,NaN
668.010000,48.710000,263.598342,129.091293,554.557811,150.575393,174.679706,223.687649,NaN,NaN,NaN,NaN
653.823521,65.835733,262.381305,126.657218,559.686396,152.854764,175.491064,224.499007,NaN,NaN,NaN,NaN
658.083151,61.576102,262.381305,126.657218,561.965767,151.715079,181.170571,226.121724,NaN,NaN,NaN,NaN
658.691670,67.052770,267.249454,127.874255,563.675296,148.296022,181.170571,226.121724,NaN,NaN,NaN,NaN
661.734263,75.572031,276.985753,132.133886,564.245139,144.876965,180.359213,222.876291,NaN,NaN,NaN,NaN
659.770000,83.070000,283.679458,136.393517,564.814981,135.759480,177.925139,218.008141,NaN,NaN,NaN,NaN
672.079081,74.354994,288.547607,136.393517,564.245139,114.105453,175.491064,201.780977,NaN,NaN,NaN,NaN
677.555749,68.269807,295.241313,127.874255,565.954667,99.859383,173.868347,186.365171,NaN,NaN,NaN,NaN
683.032417,70.095363,310.454279,119.963513,571.083252,75.925985,173.868347,162.835782,NaN,NaN,NaN,NaN
687.220000,69.860000,318.365022,115.095363,572.222938,67.378342,182.793288,140.929110,NaN,NaN,NaN,NaN
687.292047,71.920919,325.667246,116.312401,595.016650,55.981486,188.472795,137.683677,NaN,NaN,NaN,NaN
692.768715,78.006106,337.229101,116.920919,594.446808,52.562429,198.209094,121.456513,NaN,NaN,NaN,NaN
697.360000,82.500000,347.870000,123.160000,597.760000,46.940000,203.888602,108.474781,NaN,NaN,NaN,NaN
695.811309,82.265737,352.442067,124.223143,601.080000,41.990000,226.606632,99.549841,NaN,NaN,NaN,NaN
697.190000,82.970000,356.550000,126.120000,611.542092,38.409366,230.663423,99.549841,NaN,NaN,NaN,NaN
700.679458,87.742405,359.730000,128.360000,616.100835,42.968108,232.286139,100.361199,NaN,NaN,NaN,NaN
704.330570,90.784998,362.786885,136.393517,624.648477,44.107794,237.965647,101.172557,NaN,NaN,NaN,NaN
712.241313,105.997965,362.786885,145.521297,627.497691,39.549051,242.833796,101.172557,NaN,NaN,NaN,NaN
714.675387,113.300189,359.135773,155.257595,634.905647,38.409366,247.701946,101.983915,NaN,NaN,NaN,NaN
715.790000,121.910000,365.220959,163.776857,641.173918,41.828422,256.626886,99.549841,NaN,NaN,NaN,NaN
715.040000,128.990000,364.612441,169.862043,646.302504,44.677637,269.608618,101.172557,NaN,NaN,NaN,NaN
717.109462,140.075010,362.786885,180.206861,648.581875,48.096693,270.419976,101.172557,NaN,NaN,NaN,NaN
716.970000,149.910000,359.744291,197.853902,661.118417,58.353864,270.419976,101.172557,NaN,NaN,NaN,NaN
717.170000,160.090000,355.484661,210.632794,675.934330,57.214178,271.231334,104.417990,NaN,NaN,NaN,NaN
709.807238,177.803167,358.527254,218.543537,683.342286,70.890406,271.940000,109.270000,NaN,NaN,NaN,NaN
712.849831,189.365022,361.569847,227.062798,688.470872,76.588834,272.042692,112.531572,NaN,NaN,NaN,NaN
711.632794,189.973541,361.569847,245.318358,693.290000,84.020000,274.476767,126.324662,NaN,NaN,NaN,NaN
713.458350,189.973541,361.569847,245.318358,698.040000,90.080000,285.835782,140.929110,NaN,NaN,NaN,NaN
717.109462,190.582059,367.655034,247.143914,688.470872,90.834904,289.892573,149.854051,NaN,NaN,NaN,NaN
725.628723,191.799097,374.957258,247.143914,688.470872,91.404747,291.515290,153.910842,NaN,NaN,NaN,NaN
723.803167,185.713910,378.608370,245.926877,687.050000,91.960000,291.515290,153.910842,NaN,NaN,NaN,NaN
723.990000,185.250000,387.127631,245.318358,688.470872,91.404747,293.138006,153.910842,NaN,NaN,NaN,NaN
723.290000,185.060000,382.259482,246.535395,687.220000,90.980000,293.138006,152.288125,NaN,NaN,NaN,NaN
722.090000,187.000000,379.825407,247.752433,686.270000,92.340000,292.326648,154.722200,NaN,NaN,NaN,NaN
721.369093,189.365022,379.216889,249.577989,685.621658,92.544433,290.703932,158.778991,NaN,NaN,NaN,NaN
720.870000,192.030000,376.782814,250.186507,683.342286,97.673018,289.081215,165.269857,NaN,NaN,NaN,NaN
721.340000,195.140000,373.131702,250.186507,681.140000,102.070000,279.344916,170.949364,NaN,NaN,NaN,NaN
720.152055,196.058727,384.010127,255.330620,679.353387,101.661918,284.213066,170.138006,NaN,NaN,NaN,NaN
723.803167,186.930947,375.085187,257.764694,678.783544,103.941289,287.458499,167.703932,NaN,NaN,NaN,NaN
725.100000,180.500000,379.141978,248.839754,684.481972,92.544433,286.647140,159.590349,NaN,NaN,NaN,NaN
725.020205,165.632794,383.198769,241.537530,679.923229,93.114276,281.778991,152.288125,NaN,NaN,NaN,NaN
730.496873,158.939089,379.141978,230.178515,670.805744,93.114276,277.722200,149.854051,NaN,NaN,NaN,NaN
734.147985,163.807238,385.632844,225.310365,679.923229,84.566633,283.401707,146.608618,NaN,NaN,NaN,NaN
734.040000,167.410000,391.312351,229.367156,679.923229,84.566633,288.269857,141.740468,NaN,NaN,NaN,NaN
735.100000,171.100000,391.312351,230.989873,677.074015,86.276162,296.383439,140.929110,NaN,NaN,NaN,NaN
735.380000,174.650000,393.746426,231.801231,683.342286,83.426948,298.817514,140.929110,NaN,NaN,NaN,NaN
735.973541,172.935018,393.746426,233.423948,696.448671,76.588834,303.685663,142.551827,NaN,NaN,NaN,NaN
736.140000,175.190000,393.746426,237.480739,707.990000,64.730000,303.685663,142.551827,NaN,NaN,NaN,NaN
732.930947,183.888354,393.746426,237.480739,698.158199,81.717419,306.119738,144.174543,NaN,NaN,NaN,NaN
732.060000,192.030000,400.237292,242.348888,708.985213,97.673018,307.742454,153.099483,NaN,NaN,NaN,NaN
735.973541,201.535395,402.671366,251.273828,713.543955,106.790503,315.044678,162.835782,NaN,NaN,NaN,NaN
738.220000,206.670000,404.294083,257.764694,718.102698,110.209560,318.290111,170.949364,NaN,NaN,NaN,NaN
741.140000,209.500000,408.350874,266.689635,718.102698,112.488931,325.592335,170.949364,NaN,NaN,NaN,NaN
748.075060,208.288721,409.162232,266.689635,719.010000,114.310000,336.139992,174.194797,NaN,NaN,NaN,NaN
752.410000,207.400000,417.275814,267.500993,719.950000,114.090000,336.951350,174.194797,NaN,NaN,NaN,NaN
752.402303,205.584194,423.766680,271.557784,721.060000,113.090000,344.253574,174.194797,NaN,NaN,NaN,NaN
752.820000,206.980000,420.521247,271.557784,746.024996,106.220660,345.064932,170.138006,NaN,NaN,NaN,NaN
752.740000,207.950000,420.521247,271.557784,743.175782,113.628617,348.310365,167.703932,NaN,NaN,NaN,NaN
752.990000,208.740000,426.200755,270.746426,741.466253,115.338145,348.310365,173.383439,NaN,NaN,NaN,NaN
753.130000,208.420000,422.143964,271.557784,738.047196,117.047674,345.876291,179.062947,NaN,NaN,NaN,NaN
751.910000,210.180000,418.898531,273.991859,732.918611,124.455630,339.385425,180.685663,NaN,NaN,NaN,NaN
750.700000,211.970000,415.653098,276.425933,727.790026,126.165159,332.894559,186.365171,NaN,NaN,NaN,NaN
751.440000,211.760000,411.596307,278.048650,722.661440,127.874687,328.026410,185.553812,NaN,NaN,NaN,NaN
753.080000,208.890000,409.162232,278.860008,719.812226,127.874687,324.780977,184.742454,NaN,NaN,NaN,NaN
755.106831,213.156871,408.350874,274.803217,720.382069,115.907988,329.649126,180.685663,NaN,NaN,NaN,NaN
756.729547,202.338761,411.596307,269.935068,727.220183,101.661918,331.271843,175.817514,NaN,NaN,NaN,NaN
761.056791,196.929706,414.030381,265.878276,728.359869,101.661918,332.083201,170.949364,NaN,NaN,NaN,NaN
763.800000,194.170000,415.653098,261.821485,728.359869,101.661918,332.083201,165.269857,NaN,NaN,NaN,NaN
766.520000,191.750000,417.275814,257.764694,728.380000,101.670000,332.083201,165.269857,NaN,NaN,NaN,NaN
764.843129,192.061557,417.275814,256.953336,724.380000,102.040000,328.837768,167.703932,NaN,NaN,NaN,NaN
768.629468,185.570691,418.898531,252.896545,719.180000,101.800000,325.592335,167.703932,NaN,NaN,NaN,NaN
769.660000,182.420000,418.898531,252.896545,713.170000,103.010000,317.478753,166.081215,NaN,NaN,NaN,NaN
769.750000,179.060000,410.784948,244.782963,728.359869,101.661918,314.233320,164.458499,NaN,NaN,NaN,NaN
770.840000,175.850000,410.784948,244.782963,716.963012,97.673018,309.365171,162.024424,NaN,NaN,NaN,NaN
771.340000,172.640000,409.973590,235.858022,714.683641,88.555533,308.553812,157.156275,NaN,NaN,NaN,NaN
771.630000,169.360000,409.973590,235.858022,712.404270,88.555533,306.931096,153.910842,NaN,NaN,NaN,NaN
771.790000,167.410000,409.973590,229.367156,710.490000,89.200000,306.119738,151.476767,NaN,NaN,NaN,NaN
774.579428,188.816124,409.973590,229.367156,709.555056,95.963490,304.497021,153.099483,NaN,NaN,NaN,NaN
771.333995,179.079825,409.570000,228.880000,708.415370,97.673018,302.874305,158.778991,NaN,NaN,NaN,NaN
772.415806,174.752581,418.087172,237.480739,709.555056,101.661918,302.874305,162.024424,NaN,NaN,NaN,NaN
776.743050,182.866164,417.275814,243.160246,710.124899,101.661918,302.874305,162.024424,NaN,NaN,NaN,NaN
777.824861,185.570691,416.464456,243.971604,711.080000,101.990000,308.553812,164.458499,NaN,NaN,NaN,NaN
777.640000,189.000000,416.464456,243.971604,715.253484,103.371446,307.742454,164.458499,NaN,NaN,NaN,NaN
777.824861,191.520651,416.464456,243.971604,718.840000,106.800000,307.742454,164.458499,NaN,NaN,NaN,NaN
779.710000,194.050000,418.087172,249.651112,725.510654,107.360346,312.610604,168.515290,NaN,NaN,NaN,NaN
778.365767,197.470612,419.709889,252.896545,731.260000,108.210000,312.610604,168.515290,NaN,NaN,NaN,NaN
786.479349,197.470612,422.143964,254.519261,735.820000,111.400000,312.610604,168.515290,NaN,NaN,NaN,NaN
791.020000,198.050000,432.691620,253.707903,740.830000,115.210000,319.101469,172.572081,NaN,NaN,NaN,NaN
793.511120,198.552423,442.427919,255.330620,735.197982,113.058774,328.837768,174.194797,NaN,NaN,NaN,NaN
797.838364,200.716044,444.050636,256.141978,748.874210,115.338145,335.328634,176.628872,NaN,NaN,NaN,NaN
798.379269,203.961477,452.975576,258.576052,754.002795,119.896888,345.876291,180.685663,NaN,NaN,NaN,NaN
803.247419,212.075060,465.145949,265.878276,774.727585,139.628077,357.235306,186.365171,NaN,NaN,NaN,NaN
805.420000,219.220000,477.316323,275.614575,780.130539,140.078323,361.292097,192.856036,NaN,NaN,NaN,NaN
808.020000,226.030000,477.316323,276.425933,791.386693,144.580785,371.839754,199.346902,NaN,NaN,NaN,NaN
804.870135,219.106831,481.373114,284.539516,797.239893,148.182754,386.444202,205.026410,NaN,NaN,NaN,NaN
811.361001,227.761319,487.052621,288.596307,803.890000,150.870000,391.312351,209.894559,NaN,NaN,NaN,NaN
821.097300,234.252184,492.732129,289.407665,807.145309,152.685216,397.803217,213.139992,NaN,NaN,NaN,NaN
823.260922,227.761319,497.600278,285.350874,813.448756,146.381770,400.237292,213.139992,NaN,NaN,NaN,NaN
825.424543,224.515886,503.279786,280.482724,815.699987,140.078323,408.350874,203.403693,NaN,NaN,NaN,NaN
826.910000,221.380000,503.279786,276.425933,815.699987,140.528570,408.350874,199.346902,NaN,NaN,NaN,NaN
825.424543,219.647736,503.279786,276.425933,815.770000,139.810000,411.596307,192.856036,NaN,NaN,NaN,NaN
826.030000,216.990000,503.279786,276.425933,806.244817,134.675369,409.973590,192.044678,NaN,NaN,NaN,NaN
827.588165,204.502383,492.732129,277.237292,798.140386,120.267492,402.671366,186.365171,NaN,NaN,NaN,NaN
829.230000,193.790000,487.863980,269.123709,785.533493,106.309860,391.312351,178.251588,NaN,NaN,NaN,NaN
825.424543,194.225179,479.750397,259.387411,781.481277,101.807399,388.066918,167.703932,NaN,NaN,NaN,NaN
824.883638,187.734313,476.504965,249.651112,781.481277,95.503952,382.387411,158.778991,NaN,NaN,NaN,NaN
831.915409,181.243447,478.939039,238.292097,781.931524,111.262568,371.839754,158.778991,NaN,NaN,NaN,NaN
835.701748,175.834392,482.184472,230.178515,781.931524,111.262568,372.651112,164.458499,NaN,NaN,NaN,NaN
838.406275,172.588959,486.241263,222.876291,787.784724,118.466507,371.839754,170.949364,NaN,NaN,NaN,NaN
845.978952,157.443606,500.034353,202.592335,787.784724,124.769953,371.839754,179.874305,NaN,NaN,NaN,NaN
855.715250,150.411835,509.770652,200.158260,785.083247,133.774877,375.085187,185.553812,NaN,NaN,NaN,NaN
858.780000,144.810000,521.129667,206.649126,794.988663,134.225123,390.500993,187.987887,NaN,NaN,NaN,NaN
863.287927,152.575457,527.620533,206.649126,803.543340,138.727585,396.991859,188.799245,NaN,NaN,NaN,NaN
868.050000,156.680000,533.300040,206.649126,806.244817,139.628077,397.803217,192.856036,NaN,NaN,NaN,NaN
867.615171,161.770850,533.300040,216.385425,806.244817,139.628077,401.860008,197.724186,NaN,NaN,NaN,NaN
868.090000,164.950000,533.300040,217.196783,799.941370,136.926600,401.860008,200.158260,NaN,NaN,NaN,NaN
869.220000,166.890000,527.620533,220.442216,797.239893,133.324631,394.557784,194.478753,NaN,NaN,NaN,NaN
870.319698,168.802621,527.620533,220.442216,799.941370,136.476354,392.123709,194.478753,NaN,NaN,NaN,NaN
870.740000,169.310000,536.545473,218.008141,803.093094,140.078323,392.935068,199.346902,NaN,NaN,NaN,NaN
874.106037,168.261716,536.545473,218.008141,803.093094,140.078323,397.803217,201.780977,NaN,NaN,NaN,NaN
868.156077,170.425337,530.865965,222.064932,803.543340,140.528570,397.803217,202.592335,NaN,NaN,NaN,NaN
866.060000,171.620000,525.186458,230.178515,803.543340,140.528570,396.991859,202.592335,NaN,NaN,NaN,NaN
865.992455,177.998014,525.186458,230.178515,803.543340,140.528570,391.312351,202.592335,NaN,NaN,NaN,NaN
865.400000,181.960000,521.129667,235.046664,803.543340,140.528570,390.500993,203.403693,NaN,NaN,NaN,NaN
864.590000,185.730000,527.620533,235.046664,803.543340,140.528570,390.500993,203.403693,NaN,NaN,NaN,NaN
863.287927,185.570691,525.186458,235.858022,803.093094,145.481277,392.935068,205.837768,NaN,NaN,NaN,NaN
860.870000,188.640000,525.997816,244.782963,801.742355,148.633001,395.369142,208.271843,NaN,NaN,NaN,NaN
859.170000,190.600000,521.941025,245.594321,795.889155,147.282262,394.557784,209.894559,NaN,NaN,NaN,NaN
857.220000,191.730000,521.941025,245.594321,794.538416,150.433985,385.632844,212.328634,NaN,NaN,NaN,NaN
854.750000,193.240000,519.506950,248.839754,792.287186,152.685216,385.632844,213.139992,NaN,NaN,NaN,NaN
845.978952,199.634233,516.261517,249.651112,789.950000,151.760000,385.632844,215.574067,NaN,NaN,NaN,NaN
834.079031,196.388801,512.204726,250.462470,762.570938,158.988663,384.821485,218.819500,NaN,NaN,NaN,NaN
820.015489,201.256950,504.091144,250.462470,753.115769,164.841863,371.839754,226.121724,NaN,NaN,NaN,NaN
804.329230,208.288721,489.486696,256.953336,719.347306,181.050725,355.612589,243.160246,NaN,NaN,NaN,NaN
785.938443,216.943209,479.750397,263.444202,690.981797,187.804418,352.367156,248.028396,NaN,NaN,NaN,NaN
764.302224,213.697776,466.768666,266.689635,662.000000,193.820000,336.951350,252.085187,NaN,NaN,NaN,NaN
751.861398,203.961477,445.673352,261.010127,644.474562,194.903775,331.271843,252.085187,NaN,NaN,NaN,NaN
739.420572,199.634233,433.502979,261.010127,641.472921,193.703118,323.770000,252.840000,NaN,NaN,NaN,NaN
727.520651,202.879666,430.257546,261.010127,637.870952,194.303446,307.742454,258.576052,NaN,NaN,NaN,NaN
731.847895,203.961477,431.880262,265.878276,644.474562,196.704759,316.667395,261.821485,NaN,NaN,NaN,NaN
731.930000,204.270000,433.502979,265.066918,646.275547,199.106072,316.667395,261.821485,NaN,NaN,NaN,NaN
730.970000,205.100000,433.502979,266.689635,646.180000,199.140000,313.421962,261.821485,NaN,NaN,NaN,NaN
730.000000,205.950000,430.257546,269.123709,646.710000,200.430000,313.421962,261.821485,NaN,NaN,NaN,NaN
729.140000,206.940000,430.257546,269.123709,646.830000,202.490000,313.100000,263.080000,NaN,NaN,NaN,NaN
728.160000,208.130000,430.257546,269.123709,646.180000,203.400000,313.230000,264.550000,NaN,NaN,NaN,NaN
728.602462,208.288721,429.446188,269.123709,645.000000,204.210000,312.070000,265.770000,NaN,NaN,NaN,NaN
728.170000,209.030000,428.634829,271.557784,643.500000,204.570000,310.176529,265.066918,NaN,NaN,NaN,NaN
728.030000,210.380000,425.389396,274.803217,642.020000,205.970000,308.230000,266.760000,NaN,NaN,NaN,NaN
729.500000,211.050000,425.389396,274.803217,642.673577,205.709683,310.176529,265.066918,NaN,NaN,NaN,NaN
731.320000,211.430000,425.389396,274.803217,645.675219,208.110996,311.080000,266.810000,NaN,NaN,NaN,NaN
733.110000,210.720000,434.314337,275.614575,647.910000,207.710000,312.130000,269.220000,NaN,NaN,NaN,NaN
734.910000,207.640000,430.257546,274.803217,646.275547,203.308370,310.176529,269.123709,NaN,NaN,NaN,NaN
736.420000,203.110000,428.634829,269.123709,646.875875,196.704759,310.176529,269.123709,NaN,NaN,NaN,NaN
741.043288,205.584194,428.634829,264.255560,648.076532,194.303446,312.610604,262.632844,NaN,NaN,NaN,NaN
742.666005,204.502383,430.257546,261.010127,648.920000,191.330000,312.610604,262.632844,NaN,NaN,NaN,NaN
744.270000,204.290000,430.257546,261.010127,648.676860,193.703118,310.987887,262.632844,NaN,NaN,NaN,NaN
745.960000,204.930000,429.446188,263.444202,649.277188,197.905416,310.987887,262.632844,NaN,NaN,NaN,NaN
747.534154,207.747816,431.068904,265.066918,651.678501,208.711324,310.987887,265.066918,NaN,NaN,NaN,NaN
745.911438,218.565925,435.937053,268.312351,651.678501,209.311652,310.987887,268.312351,NaN,NaN,NaN,NaN
759.974980,229.924940,437.559770,278.048650,652.278829,220.717889,310.987887,280.482724,NaN,NaN,NaN,NaN
767.547657,233.711279,440.150000,285.790000,666.686707,225.520514,312.610604,297.521247,NaN,NaN,NaN,NaN
773.497617,214.779587,444.861994,278.048650,682.895569,218.316576,314.233320,295.898531,NaN,NaN,NaN,NaN
772.956712,184.488880,439.182486,261.821485,681.094584,197.305088,310.987887,286.162232,NaN,NaN,NaN,NaN
774.038523,168.802621,436.748412,239.914813,666.086378,179.895569,306.931096,261.821485,NaN,NaN,NaN,NaN
769.170373,165.016283,429.446188,229.367156,661.884081,172.691630,302.062947,249.651112,NaN,NaN,NaN,NaN
764.843129,165.016283,428.634829,222.064932,661.283753,172.691630,299.628872,242.348888,NaN,NaN,NaN,NaN
764.843129,175.834392,431.880262,230.989873,660.570000,173.160000,299.628872,242.348888,NaN,NaN,NaN,NaN
765.384035,184.488880,434.314337,239.914813,661.283753,176.293600,303.685663,240.726172,NaN,NaN,NaN,NaN
767.006751,187.734313,436.748412,246.405679,662.110000,175.920000,307.742454,242.348888,NaN,NaN,NaN,NaN
767.120000,189.480000,437.559770,252.085187,663.570000,176.130000,307.742454,243.160246,NaN,NaN,NaN,NaN
767.006751,191.520651,437.559770,252.085187,664.885722,182.897210,315.044678,245.594321,NaN,NaN,NaN,NaN
767.006751,191.520651,437.559770,252.085187,670.288676,178.694912,315.044678,245.594321,NaN,NaN,NaN,NaN
768.720000,191.100000,444.050636,251.273828,672.689989,184.698195,318.290111,248.839754,NaN,NaN,NaN,NaN
772.956712,186.111596,448.918785,245.594321,679.293600,178.694912,323.969619,251.273828,NaN,NaN,NaN,NaN
776.660000,181.930000,450.541501,243.160246,682.260000,175.140000,323.969619,251.273828,NaN,NaN,NaN,NaN
776.743050,183.947974,454.598293,239.103455,679.293600,178.694912,323.969619,243.971604,NaN,NaN,NaN,NaN
778.640000,184.850000,455.409651,234.235306,678.040000,179.110000,326.403693,240.726172,NaN,NaN,NaN,NaN
776.743050,183.407069,457.843725,239.914813,677.130000,180.000000,326.403693,240.726172,NaN,NaN,NaN,NaN
780.529388,196.929706,459.466442,245.594321,682.295241,174.492615,326.403693,244.782963,NaN,NaN,NaN,NaN
785.938443,207.206910,456.221009,256.953336,681.094584,188.300164,323.969619,253.707903,NaN,NaN,NaN,NaN
790.265687,202.879666,461.089158,261.010127,688.898851,192.502462,323.969619,262.632844,NaN,NaN,NaN,NaN
790.806593,192.602462,466.768666,262.632844,697.903775,184.698195,323.969619,262.632844,NaN,NaN,NaN,NaN
794.592931,186.111596,470.825457,248.028396,700.905416,185.898851,334.517276,256.953336,NaN,NaN,NaN,NaN
797.838364,185.029785,471.636815,237.480739,706.308370,177.494256,337.762708,249.651112,NaN,NaN,NaN,NaN
800.542891,193.143368,474.070890,243.971604,702.106072,177.494256,339.385425,241.537530,NaN,NaN,NaN,NaN
801.083797,202.879666,471.636815,251.273828,705.107713,174.492615,348.310365,250.462470,NaN,NaN,NaN,NaN
801.083797,208.288721,472.448173,259.387411,709.310011,185.898851,346.687649,249.651112,NaN,NaN,NaN,NaN
800.542891,212.615965,476.504965,262.632844,704.507385,190.701477,346.687649,249.651112,NaN,NaN,NaN,NaN
795.674742,207.206910,477.316323,264.255560,705.107713,184.698195,345.876291,250.462470,NaN,NaN,NaN,NaN
800.001986,205.043288,479.750397,262.632844,703.907057,174.492615,339.385425,245.594321,NaN,NaN,NaN,NaN
796.756553,198.552423,479.750397,262.632844,703.907057,170.890645,342.630858,237.480739,NaN,NaN,NaN,NaN
797.297458,199.634233,479.750397,262.632844,704.507385,176.293600,341.008141,237.480739,NaN,NaN,NaN,NaN
801.624702,201.797855,478.127681,260.198769,704.507385,176.293600,341.008141,237.480739,NaN,NaN,NaN,NaN
805.951946,203.961477,478.127681,260.198769,702.706400,185.298523,341.008141,248.028396,NaN,NaN,NaN,NaN
804.870135,213.156871,485.429905,265.066918,714.112637,198.505744,342.630858,256.141978,NaN,NaN,NaN,NaN
803.247419,221.270453,489.486696,273.180500,729.721171,197.905416,344.253574,261.010127,NaN,NaN,NaN,NaN
795.674742,232.629468,494.354845,280.482724,745.329705,175.693271,354.801231,256.141978,NaN,NaN,NaN,NaN
795.674742,222.893169,500.034353,285.350874,760.920000,159.020000,384.821485,226.121724,NaN,NaN,NaN,NaN
797.838364,216.402303,504.902502,275.614575,759.737582,151.079814,388.878276,212.328634,NaN,NaN,NaN,NaN
799.260000,211.650000,505.713861,268.312351,760.337911,147.477844,375.896545,210.705917,NaN,NaN,NaN,NaN
801.083797,203.961477,505.713861,264.255560,757.336269,149.278829,375.896545,210.705917,NaN,NaN,NaN,NaN
803.247419,207.206910,501.657069,260.198769,756.135613,160.084737,373.462470,213.139992,NaN,NaN,NaN,NaN
802.706513,212.615965,504.091144,265.878276,754.770000,159.320000,368.594321,218.008141,NaN,NaN,NaN,NaN
802.910000,212.990000,501.657069,271.557784,750.132331,160.685066,362.914813,219.630858,NaN,NaN,NaN,NaN
801.083797,213.156871,495.166204,273.180500,746.960000,162.690000,359.669380,222.064932,NaN,NaN,NaN,NaN
800.900000,210.640000,489.486696,267.500993,744.100000,165.050000,353.178515,225.310365,NaN,NaN,NaN,NaN
799.461080,200.175139,488.675338,261.821485,734.523797,159.484409,349.121724,227.744440,NaN,NaN,NaN,NaN
